25016.744012760733
24976.11314836638
24979.203390020266
24997.621486853503
24972.47528780437
25020.77952422746
24980.292932629913
24998.798631134257
24974.145070452363
24963.743549395793
24986.22110283986
24980.58107810945
24982.245815778853
24988.715733306504
24960.51950581157
24986.7634358674
24965.703715297113
25000.500294994097
24980.15612441203
24997.756659348455
25016.744012760733
24976.11314836638
24979.203390020266
24997.621486853503
24972.47528780437
25020.77952422746
24980.292932629913
24998.798631134257
24974.145070452363
24963.743549395793
24986.22110283986
24980.58107810945
24982.245815778853
24988.715733306504
24960.51950581157
24986.7634358674
24965.703715297113
25000.500294994097
24980.15612441203
24997.756659348455
25016.744012760733
24976.11314836638
24979.203390020266
24997.621486853503
24972.47528780437
25020.77952422746
24980.292932629913
24998.798631134257
24974.145070452363
24963.743549395793
24986.22110283986
24980.58107810945
24982.245815778853
24988.715733306504
24960.51950581157
24986.7634358674
24965.703715297113
25000.500294994097
24980.15612441203
24997.756659348455
24989.88787489852
24986.91305463722
24989.291346494803
24975.287706050556
24995.80656830261
24986.79713368642
25003.351755314725
24987.79986313321
25004.82489440788
24989.960444146363
24996.233896329264
24979.05282431662
24998.469713164443
24978.136619852172
25002.658618634938
24980.694045602497
24998.716127033404
24983.61443026209
25010.186164840918
24984.47261800817